00281670000350000120101214
00092140000364935120101214
00262270000258500120101214
00280200000273400120101214
00042230000750000120101214
00186720000211500120101214
00145610000288500120101214
00144350000273500120101214
00215980000293671120101214
06874000000288500120101214
00005950000262000120101214
00073710000650000120101214
00283780000338600120101214
00278290000268500120101214
00082580000547000120101214
00175780000273500120101214
00117630000258500120101214
00262770000258500120101214
90000180006209106120101215