00288500000386750120110601
00263800000255122120110601
00063190000635100120110601
00084030000258500120110601
00233670000255555120110601
00267290000258500120110601
00082120000241752120110601
00089180000725277120110601
00247990000350000120110601
00037130000303500120110601
00267060000320000120110601
00009010000349800120110601
00287960000258500120110601
00280150000287781120110601
00246000000164500120110601
00103770000303500120110601
00273070000273500120110601
00254750000211500120110601
00248390000297961120110601
00037740000303154120110601
00266480001000000120110601
00111090000221586120110601
00102650000231672120110601
00117230000349875120110601
00276240000288500120110601
00166590000287581120110601
00235130000273500120110601
00186720000285429120110601
00641080000221586120110601
00176930000211429120110601
00031660000268790120110601
00253000000280000120110601
00253000000280000120110601
00205640000241190120110601
90000340010881390120110602