00217940000273500120110614
00092140000329750120110614
00269960000258500120110614
00280200000273500120110614
00250970000273500120110614
00253350000260000120110614
00061800000211500120110614
00249920000352700120110614
00252890000258500120110614
00219290000300000120110614
00060240000365000120110614
00277630000260000120110614
00053020000273500120110614
00285370000300000120110614
00053840000273500120110614
00135800000231647120110614
00230990000675328120110614
00255530000258500120110614
90000180005428925120110615