00269960000250000120120701
00020780000267950120120701
00249600016000000120120701
00013990000288151120120701
00262300000329558120120701
00108630000401925120120701
00005680000314750120120701
00062920000400000120120701
00262540000329622120120701
00117230000414069120120701
00295410000329422120120701
00157690000344500120120701
00136350000416797120120701
00229820000278036120120701
00234410000440546120120701
00234410000440546120120701
00175380000326594120120701
00082140000446542120120701
00082140000446542120120701
00294590000311850120120701
00159380000489100120120701
00179810000500000120120701
90000220023766500120120702