00102900000288700120120103
00234630000273500120120103
02530000000258500120120103
00262740000288500120120103
00044260000303774120120103
00082120000221786120120103
00260450000010750120120103
00157690000303600120120103
00267290000258500120120103
00235810000221200120120103
00120450000957825120120103
00020780000211500120120103
00085360000297961120120103
00009010000361800120120103
00281110000346625120120103
00123110000361625120120103
00280940000310000120120103
00081330000060929120120103
00031660000303075120120103
00288500000499575120120103
00136350000361625120120103
90000210006501350120120104