00288720000349875120111003
00257680000255122120111003
00082120000241965120111003
00082140000379875120111003
0001-020000211500120111003
00082540000200000120111003
00020780000211500120111003
00291320000250078120111003
00267290000258500120111003
00275250000334875120111003
00110260000258500120111003
00038620000221786120111003
00244380000273500120111003
00164170000231672120111003
00044260000303626120111003
00117230000304925120111003
00252890000258500120111003
00254260000318700120111003
00288680000258500120111003
00037740000303075120111003
00285220000141000120111003
00241980000329200120111003
00172320000258754120111003
00071920000050000120111003
00071920000250000120111003
00247990000335000120111003
00001620000288500120111003
00031660000268700120111003
00151060000265662120111003
00238530000303075120111003
00067440000258500120111003
90000310008174465120111004