00150820000273517120101201
00280150000287781120101201
00279150000258600120101201
00010140000273500120101201
00277000000587000120101201
0001-020000117081120101201
00249980000634083120101201
00246000000141000120101201
00081330000300000120101201
00275310000117500120101201
00165210000288500120101201
00284010000379875120101201
00277530000273501120101201
00234630000273500120101201
00214420000241759120101201
00254750000211500120101201
00172320000273500120101201
00274050000117500120101201
00262540000273500120101201
00248390000297961120101201
00148760000288497120101201
00027490000333716120101201
00009010000349900120101201
00037740000349875120101201
00268830000273500120101201
00284430000258500120101201
00248190000303500120101201
00139570000273500120101201
00253000000258571120101201
00252700000258500120101201
00134350000220000120101201
90000310008789217120101202