00064980000273500120101213
00119660000264900120101213
00218300000350000120101213
00231490000258500120101213
00167740000585971120101213
00028930000300000120101213
00277630000260000120101213
00169690000364875120101213
00278770000268586120101213
00020780000211500120101213
00217850000273500120101213
00224500000258000120101213
00019140000288500120101213
00281530000400000120101213
00045500000468169120101213
00134210000260000120101213
00051110000139487120101213
00052660000288300120101213
00052660000288500120101213
00252690000303500120101213
00205490000494546120101213
00264200000258500120101213
00027100000441116120101213
00231970000258500120101213
00069060000273500120101213
90000250007831950120101214