00159390000267750120120703
00159390000267950120120703
00284650000174750120120703
00285430000314750120120703
00253190000358922120120703
00078080000168245120120703
00289500000416797120120703
00049870000314250120120703
00049870000314550120120703
00037740000358744120120703
00295000000317450120120703
00064980000329422120120703
00247510000288151120120703
00164170000308151120120703
00285220000335447120120703
00262740000000000120120703
00144350000329422120120703
00120450001054525120120703
90000180005919276120120704