00200500000345000120120914
00068740000420900120120914
00250970000332300120120914
00225750000379100120120914
00096520000415915120120914
00254520000314100120120914
00036520000297951120120914
00219290000454550120120914
00240820000329422120120914
00086050000156108120120914
00013860000375326120120914
00042610000598192120120914
00077620000446742120120914
00253420000458392120120914
00254630000347450120120914
00070490000329422120120914
00071860000431870120120914
00281110000373738120120914
00249360000388492120120914
00267060000360000120120914
00150020000400000120120914
00291600000225315120120914
90000220008180285120120915