00005680000258300120100902
00005680000258500120100902
00082140000379875120100902
00071410000273500120100902
00262540000273500120100902
00020780000211500120100902
00277630000230000120100902
00018870000251845120100902
00275310000120842120100902
00092440000438554120100902
00082120000241759120100902
00284010000379862120100902
00264570000258500120100902
00176480000664758120100902
00278760000600000120100902
00032380000231672120100902
00102630000240000120100902
00110260000258500120100902
00187820000226500120100902
00253880000394875120100902
00256130000258026120100902
00062920000300000120100902
00148760000288500120100902
00027490000333500120100902
00073830000500000120100902
00235810000222586120100902
00276990000297961120100902
00138560000290000120100902
00122860000500000120100902
00165210000288436120100902
90000300009471851120100903