00255530000258500120111114
00123570000276900120111114
00194340000300000120111114
00036520000241759120111114
00217940000273500120111114
00105950000361625120111114
00119330000260000120111114
00173130000273500120111114
00173130000273500120111114
00254410000231645120111114
00280200000260600120111114
00276220000258700120111114
00269630000750000120111114
00280390000288500120111114
00262300000288500120111114
00286070000258500120111114
00222140000365169120111114
00051130000231900120111114
00277370000141000120111114
00238410000300000120111114
00166530000000000120111114
00127990000258500120111114
00264200000258500120111114
00090000000221786120111114
00242250000282400120111114
00061800000211500120111114
00046920000270000120111114
00177940000300000120111114
00277630000184500120111114
00064980000273500120111114
00284730000258600120111114
00010590000388575120111114
00225130000389700120111114
00231020000255000120111114
00249360000318075120111114
90000350009764434120111115