06874000000288500120110913
00284730000258600120110913
00010280000260600120110913
00175780000288700120110913
00282270000258500120110913
00219290000300000120110913
00041400000273500120110913
00062390000517600120110913
00078090000550000120110913
00273070000273500120110913
00122360000000000120110913
00217940000265000120110913
00199850000258500120110913
00046920000290000120110913
00231970000258500120110913
00247510000231672120110913
00264200000258500120110913
00127990000258500120110913
00235130000273500120110913
00090000000221786120110913
00042230000730000120110913
00051750000270000120110913
90000220006585458120110914