00088800000273500120110307
00082120000241759120110307
00023630000577000120110307
00163940000273500120110307
00232070000659250120110307
00053020000273500120110307
00095050000221586120110307
00037740000349875120110307
00254750000211500120110307
00114500000288500120110307
00154470000349875120110307
00234630000273500120110307
00223310000273380120110307
00281530000500000120110307
00024080000700000120110307
00008980000273500120110307
00234410000370000120110307
00027100000364875120110307
90000180006475100120110308