00194340000293671120110414
00249740000221530120110414
00249300000250000120110414
00250990000258500120110414
00175780000273500120110414
00014870000231672120110414
00241670000266973120110414
00217940000228650120110414
00120450000946075120110414
00010900000288500120110414
014435 0000273500120110414
00230990000465400120110414
00288410000300000120110414
00282250000352500120110414
00281530000370000120110414
00281530000370000120110414
00135800000231647120110414
00233670000260000120110414
00053020000273500120110414
00028930000300000120110414
00262300000288500120110414
00009010000349900120110414
90000220007094018120110415