00194340000350000120120815
00123050000350000120120815
00225750000250000120120815
00240820000329422120120815
00061130000329422120120815
00169690000350000120120815
00032730000334550120120815
00247050000263941120120815
00264740000330000120120815
00264740000330000120120815
00010900000344500120120815
00081220000430000120120815
00219290000454450120120815
00168160000314550120120815
00028930000370000120120815
00269630000373800120120815
00251990000418356120120815
00235130000328722120120815
00060240000440000120120815
00125200000317400120120815
00295000000312050120120815
00175780000345000120120815
00249360000388492120120815
90000230008054655120120816