00094110000380000120110615
00062390000258700120110615
00225130000386000120110615
00283780000320000120110615
00268210000278500120110615
00052660000288500120110615
00167740000585971120110615
00247050000200000120110615
00046920000290000120110615
00127990000258500120110615
00286070000258250120110615
00167440000221586120110615
00101500000273500120110615
00251700000258500120110615
00212690000300000120110615
00287360000280000120110615
00193770000532825120110615
00242340000400000120110615
00257830000211500120110615
00239180000295000120110615
00262300000288500120110615
90000210006565832120110616