00291630000526629120120802
00108630000373739120120802
00051130000288151120120802
00275250000388811120120802
00175380000329422120120802
00224930000530000120120802
00038620000277950120120802
00257640000344295120120802
00230580000314550120120802
00117230000395000120120802
00280940000360000120120802
00071920000373700120120802
00037740000358750120120802
00247990000373700120120802
00231020000410000120120802
00204640000314550120120802
00204640000314550120120802
00077370000314550120120802
00111090000273178120120802
00110260000329422120120802
90000200007190947120120803