00064980000273500120110912
00144350000273500120110912
00139570000273500120110912
00078080000283586120110912
00288950000334875120110912
00277630000320000120110912
00123110000349875120110912
00082580000273726120110912
00232070000273500120110912
00251990000349875120110912
00188990000228500120110912
00077620000379875120110912
00122860000288500120110912
00225130000407700120110912
00000000000300000120110912
00081330000273500120110912
00053840000273473120110912
00130290000277000120110912
00053840000273473120110912
00244380000273500120110912
00085970000221586120110912
00016220000470194120110912
00222140000364819120110912
00252690000303500120110912
00065280000221800120110912
00166590000287581120110912
90000260007850938120110913