00010140000273500120110802
00288680000258500120110802
00176480000221586120110802
00287380000300000120110802
00284430000258500120110802
00273070000273500120110802
00067380000365075120110802
00037740000302075120110802
00111090000221586120110802
00259310000141000120110802
00124940000358575120110802
00223310000273380120110802
00200990000355046120110802
00232070000273500120110802
00020780000211500120110802
00110260000258500120110802
00239160000303500120110802
00071410000273500120110802
00246000000164500120110802
00043370000258500120110802
00211850000971100120110802
00287960000258500120110802
00154970000440000120110802
00267290000258500120110802
00268830000273500120110802
00000700000413500120110802
00060510000273700120110802
00065280000221800120110802
90000280008456423120110803