00200990000355019120100803
00108630000364250120100803
00279150000258499120100803
00280510000720500120100803
00082140000379875120100803
00253880000364250120100803
00032380000265975120100803
00258020000254000120100803
00131090000273429120100803
00008800000288335120100803
00102770000051845120100803
00281740000258406120100803
00102770000251889120100803
00268460000704902120100803
00176340000379250120100803
00120450000629100120100803
00071410000327000120100803
00280150000277872120100803
00187820000226500120100803
00110260000258500120100803
05500290000305100120100803
00267290000258500120100803
00251990000382153120100803
90000230007835149120100804