00051750000300000120110608
00008980000275000120110608
00218980000273500120110608
00280400000117500120110608
00010900000262000120110608
00041400000273500120110608
00261970000298000120110608
00277960000250000120110608
00251050000273500120110608
00244380000273500120110608
00078080000283586120110608
00032380000231672120110608
00018870000251845120110608
00234630000273500120110608
00027100000364875120110608
00084000000221586120110608
00275660000117500120110608
00125200000758500120110608
00125200000758500120110608
00217850000273500120110608
00139570000273500120110608
90000210006405064120110609