00049870000314850120120901
00247850000375700120120901
00025260000269550120120901
00157690000244500120120901
00253190000365325120120901
00082140000418356120120901
00082140000418356120120901
00005680000314750120120901
00280150000343285120120901
00280150000343584120120901
00229820000228000120120901
00257640000344295120120901
00274050000174750120120901
00288500000600175120120901
00043370000314550120120901
00295410000329422120120901
00257680000619801120120901
00011240000540500120120901
00262540000329622120120901
00294590000314550120120901
00021030000288151120120901
00159380000489400120120901
00136350000417003120120901
90000230008398475120120902