00215980000293671120111014
00084300000926850120111014
06874000000288500120111014
00002180000273500120111014
00269960000500000120111014
00088800000273500120111014
00231970000258500120111014
00078090000550000120111014
00013860000297961120111014
00010280000260600120111014
00127990000258500120111014
00175780000288700120111014
00060240000376625120111014
00015880000250000120111014
00247510000231898120111014
00264200000258500120111014
00028930000350000120111014
00207130000286900120111014
00193770000532800120111014
00225750000258500120111014
00199850000258500120111014
00269450000512000120111014
00278930000226041120111014
00168160000273429120111014
00042610000597861120111014
90000250008883336120111015