00092960000350000120110415
06874000000288500120110415
00215980000287342120110415
00257640000288500120110415
00220540000211500120110415
0:268210000300000120110415
00042610000364875120110415
00046920000267000120110415
00257830000211500120110415
00285370000274500120110415
00283780000350000120110415
00101500000273500120110415
00167440000147500120110415
00046110000229200120110415
00002180000273500120110415
00000650000303500120110415
00193770000334875120110415
00168160000273500120110415
00244750000040000120110415
90000190005069292120110416