00262490000288500120101115
01235560000250000120101115
00282270000258500120101115
00021650000333500120101115
00235680000030000120101115
00235680000228500120101115
00252110000300000120101115
00281530000300000120101115
00180920000258500120101115
00219290000260000120101115
00217940000258500120101115
00221640000167000120101115
00278930000226041120101115
00002180000309500120101115
00225750000258500120101115
00167440000153000120101115
00101500000257000120101115
00010150000213500120101115
00252690000303500120101115
00036520000423000120101115
00167740000585992120101115
00108550000273800120101115
00110850000273500120101115
00203660000350000120101115
00284760000335000120101115
00225130000389600120101115
00262300000288500120101115
00246240000150000120101115
00281670000350000120101115
00090000000221586120101115
00215980000293671120101115
00010040000303500120101115
90000320008892190120101116