00287960000258500120110401
00110260000258500120110401
00037130000303500120110401
00082140000379875120110401
00123640000220000120110401
00027490000333500120110401
00273950000170052120110401
00235680000257000120110401
00148960000364875120110401
00124940000343561120110401
00285410000352500120110401
00102650000231672120110401
00020780000211500120110401
00159390000211429120110401
00275240000025000120110401
00282790000350000120110401
00254750000211500120110401
00024770000350075120110401
00114510000650016120110401
00114510000650016120110401
00254260000318750120110401
00176480000450000120110401
00288720000386566120110401
00284650000117500120110401
00280400000117500120110401
00247990000349700120110401
00065270000230000120110401
00031660000268500120110401
00239160000303473120110401
00280150000287781120110401
00253000000027509120110401
00242290000423000120110401
00275310000105000120110401
00251990000349875120110401
90000340009868225120110402