00243030000229125120111208
00096650000380000120111208
00262740000288500120111208
00088800000273500120111208
00267530000400000120111208
00041400000272000120111208
00251990000349875120111208
00051750000340000120111208
02530000000263500120111208
00280390000288500120111208
00264200000258500120111208
00125200000258700120111208
00251050000273500120111208
00244380000273500120111208
00217850000273500120111208
00025290000374536120111208
00288500000499574120111208
00235810000221596120111208
00235810000221596120111208
00235810000221596120111208
00235810000221596120111208
00032380000231672120111208
90000220006414866120111209