00150820000273500120101001
00256130000258500120101001
00279150000258500120101001
00262540000273500120101001
00267290000258500120101001
00229750000222875120101001
00276990000297961120101001
00094110000361875120101001
00182730000318134120101001
00062920000400000120101001
00031660000268500120101001
00234630000288411120101001
00276200000258500120101001
00284430000258418120101001
00010140000273500120101001
00284010000379875120101001
00253000000258500120101001
00247990000349804120101001
00176340000349875120101001
00134350000211500120101001
00111090000221586120101001
00071410000273500120101001
00248390000297961120101001
00083230000695016120101001
90000240007308291120101002