00138560000335500120100701
00282270000258500120100701
00020780000137500120100701
00262540000273500120100701
00185190000147588120100701
00263480000258500120100701
00264570000278600120100701
00102650000463344120100701
00268340000250000120100701
00071410000220000120100701
00276990000273500120100701
00277630000260000120100701
00253880000352500120100701
00148760000524596120100701
00088730000211500120100701
00088730000021500120100701
00037740000349875120100701
00280940000303500120100701
00233670000260000120100701
00176340000073352120100701
00031660000268500120100701
00277180000258428120100701
00062390000559372120100701
90000230006339655120100702