00288720000349750120110701
00168890000349875120110701
00037010000517000120110701
00020780000211500120110701
00288500000353900120110701
00287960000258500120110701
00254750000211500120110701
00021030000695016120110701
00081980000623375120110701
00025260000211500120110701
00154970000497200120110701
00223310000273620120110701
00232070000161291120110701
00038620000221586120110701
00036270000418209120110701
00139160000516242120110701
00117230000349875120110701
00257900001070000120110701
00267290000258500120110701
00288680000258583120110701
00249630001500000120110701
00071920000250000120110701
00006870000497000120110701
00071410000273500120110701
00037740000303075120110701
00070360000000350120110701
00159380000423100120110701
00215240000288500120110701
00230500000300000120110701
00136350000349838120110701
00031660000268700120110701
00000700000413400120110701
90000320012674485120110702