00016220000400000120110713
00268210000300000120110713
00217940000280000120110713
00064980000273500120110713
00277630000280000120110713
00131430000350000120110713
00178370000442372120110713
00178370000443172120110713
00053020000273500120110713
00225300000500000120110713
00233670000280000120110713
00262300000288500120110713
00203880000258500120110713
00249360000288500120110713
00127990000258500120110713
00039570000258500120110713
00207130000259300120110713
00010010000258500120110713
00219290000299800120110713
90000190005992644120110714