00177940000300000120111012
00010010000258500120111012
00039570000258500120111012
00272050000371300120111012
00085970000221586120111012
00280940000150000120111012
00281530000500000120111012
00281530000500000120111012
00281530000500000120111012
00280940000150000120111012
00000000000300000120111012
00108630000344875120111012
00225130000389500120111012
00235280001280436120111012
00165210000288500120111012
00016220000485100120111012
00139570000273500120111012
00105950000361500120111012
90000180006933297120111013