00102900000288848120110901
00000700000413400120110901
00284650000117500120110901
00252890000258500120110901
00046180000260000120110901
00251230000140000120110901
00070590000349500120110901
00060610000273673120110901
00233670000260000120110901
00025260000211500120110901
00062920000350000120110901
00239160000303500120110901
00279150000258600120110901
00288680000258500120110901
00036810000308047120110901
00111090000221586120110901
00267290000258500120110901
00288040000260000120110901
00089470001000000120110901
00102650000231672120110901
00071410000273500120110901
00247990000015000120110901
00280150000287781120110901
00050990000725277120110901
00117230000394800120110901
00266480001000000120110901
00285220000141000120110901
00037740000304075120110901
00070360000699400120110901
00070360000000700120110901
00262540000273500120110901
00080810000273500120110901
00063190000635790120110901
00159380000423100120110901
00031660000268700120110901
00165210000288500120110901
90000360012027949120110902