00275310000117500120110103
00257680000268485120110103
00263800000230462120110103
00279150000258300120110103
00009010000349800120110103
00235810000221586120110103
00275660000235000120110103
00248390000297961120110103
00282790000350000120110103
00018870000251845120110103
00276200000258429120110103
00282250000352500120110103
00044260000303500120110103
00247990000349875120110103
00262540000273500120110103
00037740000349875120110103
00262490000288500120110103
00254750000211500120110103
00110260000258500120110103
90000190005227118120110104