00157690000444500120121001
00297070000314716120121001
00297070000314716120121001
00005680000314750120121001
00292740000495125120121001
00285220000335447120121001
00048190000346401120121001
00243310000346900120121001
00043370000314550120121001
00020780000267950120121001
00262540000329622120121001
00258000000458192120121001
00102650000566418120121001
00293130000240000120121001
00088800000329422120121001
00229820000326000120121001
00009010000417000120121001
00250200000314550120121001
00071410000329422120121001
00235810000277950120121001
00280940000360000120121001
00037740000358770120121001
00250720000350000120121001
00295410000329422120121001
00159380000489400120121001
00136350000417003120121001
00174600000350000120121001
90000270009738226120121002