06874000000288500120111215
00094100000302000120111215
07281000000350000120111215
00193540000258500120111215
00215980000293671120111215
00282270000258500120111215
00219290000300000120111215
00219290000300000120111215
00180110000070000120111215
00061130000273500120111215
01014980000303500120111215
00194340000300000120111215
00231970000258500120111215
00230000000250000120111215
00232360000273500120111215
00247050000150000120111215
00277630000250000120111215
00275660000235000120111215
00283780000350000120111215
00070490000273500120111215
00042230000753250120111215
00168330000241687120111215
00262770000258500120111215
00245610000211500120111215
00255530000258500120111215
00042790000400000120111215
00092140000383250120111215
90000270007845358120111216