00279150000258600120101101
00281110000258500120101101
00262540000273500120101101
00108630000334875120101101
00153170001171942120101101
00102900000288500120101101
00280510000720600120101101
00277630000252500120101101
00018870000251845120101101
00044260000303500120101101
00281740000258500120101101
00284010000379875120101101
00247990000349804120101101
00276990000297961120101101
00025260000211500120101101
00253000000258429120101101
00254750000208000120101101
00285220000140000120101101
00037740000349875120101101
00196010000300000120101101
00235280000709500120101101
00181840000258500120101101
00176420000266966120101101
00248190000294000120101101
90000240008397272120101102