00139570000273500120110408
00260240000600000120110408
00025290000297961120110408
00041400000273500120110408
00221340000273500120110408
00166590000287581120110408
00062390000258500120110408
00286070000258250120110408
00284440000273500120110408
00221690000350000120110408
00232070000659262120110408
00084310000320000120110408
00125200000258500120110408
00101860000334875120110408
00277630000260000120110408
00217850000273500120110408
00011120000290000120110408
00213860000278700120110408
90000180005821129120110409