00169690000064875120101015
00169690000300000120101015
00193770000620000120101015
00193770000620414120101015
00021650000333500120101015
00281670000350000120101015
00122860000230000120101015
00225750000300000120101015
00002180000237500120101015
00102770000251683120101015
00092140000364850120101015
00167740000585971120101015
00254370000775500120101015
00113140000547000120101015
00282790000300000120101015
00096580000273500120101015
00135610000300000120101015
00144350000273483120101015
00113450000000050120101015
00092140000364850120101015
00275090000250000120101015
90000210007343176120101016