00001720000361625120111214
00202780000540000120111214
00202780000060000120111214
00284750000200000120111214
00144350000273500120111214
00249740000221586120111214
00250990000258500120111214
00239510000521429120111214
00231030000270000120111214
00010590000388575120111214
00262300000288500120111214
00000000000300000120111214
00244780000547000120111214
00205490000479796120111214
00280200000320000120111214
00181860000273600120111214
00227420000273600120111214
00286100000150000120111214
00281740000090000120111214
00271330000250000120111214
00006870000211500120111214
00060240000376554120111214
00268830000121000120111214
00199850000258500120111214
00258460000250000120111214
00193770000618504120111214
00250970000273500120111214
00280490000107501120111214
00016220000496850120111214
00269450000312000120111214
90000300009093620120111215