00019270000290000120110214
00262330000300000120110214
00252820000300000120110214
00217940000318350120110214
00267850000150000120110214
0 219290000300000120110214
00159390000211500120110214
00257200000211500120110214
00236350000258500120110214
00169690000118500120110214
00252540000280000120110214
00120450000266075120110214
00238940000273500120110214
00169690000364875120110214
00055400000288500120110214
00264200000258500120110214
00135800000231647120110214
00042610000364875120110214
00274080000231500120110214
00175780000273500120110214
00264820000268506120110214
00357830000211500120110214
90000220005771328120110215