00256220000500000120120816
00256220000500000120120816
00256220000500000120120816
00283070000354644120120816
00279960000387748120120816
028087 0000073400120120816
028087 0000000000120120816
00065860000500000120120816
00149850000250000120120816
00283760000600000120120816
00295500000367175120120816
00270520000500000120120816
00270520000500000120120816
00150020000400000120120816
00268830000329422120120816
00247850000400000120120816
00179650000563509120120816
00067550000400000120120816
00288950000400000120120816
90000190007525898120120817