00151170000317450120120702
00233670000350000120120702
00081980000461415120120702
00110260000329422120120702
00163940000317250120120702
00071920000375000120120702
00253420000458392120120702
00247990000401900120120702
00244780000329422120120702
00293130000250000120120702
00258000000323393120120702
00211620000373620120120702
00094110000431870120120702
00094110000431870120120702
00001620000341340120120702
00010290000314548120120702
00050990000893853120120702
00062390000314450120120702
00062390000314750120120702
00267290000317200120120702
00262650000267950120120702
00082120000288151120120702
00275250000413419120120702
00225090000413775120120702
00294380000314550120120702
90000250009344990120120703