00221690000355950120110709
00084000000221586120110709
00000000000100000120110709
00000000000200000120110709
00237720000350000120110709
00178370000443172120110709
00281530000350000120110709
00264820000268506120110709
00065280000221800120110709
00051750000260000120110709
00231970000258500120110709
00010140000273500120110709
00048970000258500120110709
00025290000362856120110709
00018870000251845120110709
00088800000273500120110709
00288950000334800120110709
00321680000160000120110709
90000180004944515120110710