00225300000490000120111201
00159390000211500120111201
00104960000221586120111201
00090500000309911120111201
00262650000211500120111201
00176480000221172120111201
00176930000211473120111201
00274050000117500120111201
00102900000288700120111201
00062920000300000120111201
00281110000346625120111201
00284430000258500120111201
00120450000957825120111201
00151060000273500120111201
00253420000303700120111201
00089180000725277120111201
00082140000391625120111201
00288680000258500120111201
00117230000361993120111201
00117230000361993120111201
00071920000300000120111201
00234630000273500120111201
00226870000346825120111201
00082120000241959120111201
00159380000434850120111201
00232070000273500120111201
00037740000303075120111201
00233670000251000120111201
00164170000231672120111201
00021030000231872120111201
00178960000231672120111201
00260450000010750120111201
00262540000273700120111201
00102650000463264120111201
00208610000361625120111201
00247990000350000120111201
00247990000350000120111201
00049870000258500120111201
00157690000303300120111201
00111090000443172120111201
00016680000221586120111201
00063190000633720120111201
00263290000211500120111201
90000430013823922120111202