00238530000303075120111102
00081760000351720120111102
00021650000416000120111102
00104960000221586120111102
00284430000258500120111102
00102900000288700120111102
00038620000221586120111102
00071920000260000120111102
00005680000258700120111102
00283870000250000120111102
00267290000258500120111102
00292320000366441120111102
00024770000373578120111102
00247990000358000120111102
00232070000273500120111102
00288680000258500120111102
00025260000211500120111102
00226870000358575120111102
00065280000221800120111102
00049870000258500120111102
00276240000288500120111102
00110260000258500120111102
00276240000288500120111102
00031660000268700120111102
00240250000393546120111102
00241310000244757120111102
90000260007511264120111103