00243030000217375120110810
00091040000334875120110810
014435 0000273500120110810
00163940000273500120110810
00247510000231672120110810
00203880000258500120110810
00267060000320000120110810
00025290000362786120110810
00081760000328220120110810
00148760000288473120110810
00078090000550000120110810
00252690000303500120110810
00264740000258500120110810
00177940000380020120110810
00281530000360000120110810
00049870000258500120110810
00257680000255122120110810
00281110000334875120110810
00225300000461162120110810
00264200000258500120110810
00061800000211500120110810
00250990000258500120110810
00218980000273700120110810
00186720000211500120110810
00090000000221786120110810
00090000000221786120110810
00090000000221786120110810
00090000000221786120110810
00150210000500000120110810
00032380000231672120110810
90000300008883096120110811