00164170000231672120110607
00283870000266500120110607
00262650000211500120110607
00284440000273500120110607
00252690000303500120110607
00113140000270000120110607
00221340000273500120110607
00262740000288500120110607
00165570000340950120110607
00229480000524596120110607
00099500000273583120110607
00239160000303500120110607
00262480000273500120110607
00288320000260000120110607
00251990000349875120110607
00072810000317875120110607
00280940000300000120110607
00064980000273500120110607
00200990000355046120110607
00268830000273500120110607
90000200005964597120110608