00210270000396300120121114
00268340000318200120121114
00150820000273500120121114
00068740000420950120121114
00077620000446742120121114
00225770000314500120121114
00168340000350000120121114
00243800000350000120121114
00123570000350000120121114
00269630000475224120121114
00254400000270911120121114
00010900000344500120121114
00033910000314550120121114
00262300000329558120121114
00022260000300000120121114
00219290000455000120121114
00018030000461515120121114
00042610000545767120121114
00247050000288000120121114
00239180000357239120121114
00249920000444000120121114
00203880000314550120121114
00009010000417000120121114
00295000000314750120121114
00279870000329622120121114
00168160000314500120121114
00200500000345000120121114
00251230000240000120121114
00283930000450000120121114
00229410000260000120121114
00232070000329622120121114
00127990000319950120121114
00070490000329422120121114
00053020000329422120121114
00010010000307950120121114
00229230000292736120121114
00077840000200000120121114
00072190000277950120121114
00256760000358734120121114
90000390013537664120121115