00284750000250000120110805
00148960000364875120110805
00044260000303774120110805
00277690000250000120110805
00015880000250000120110805
00244380000273473120110805
00060080001219000120110805
00060080001219000120110805
00235130000273500120110805
00041400000273500120110805
00234630000273500120110805
00025260000211500120110805
00221340000273500120110805
00284310000141000120110805
00233670000240000120110805
00281740000273041120110805
00220930000258500120110805
00279150000258600120110805
00176930000211500120110805
90000190006818263120110806