00159390000270250120120501
00157690000337500120120501
00192760000367621120120501
00267060000320000120120501
00108630000405375120120501
00014040000256839120120501
00285220000338306120120501
00284650000176250120120501
00262650000270250120120501
00082120000290622120120501
00062920000417325120120501
00277530000255466120120501
00009010000420600120120501
00139080000132250120120501
00232070000332450120120501
00275250000420575120120501
00117230000420500120120501
00289500000420375120120501
00020780000270250120120501
00075670000400000120120501
00037740000350455120120501
00236040000108750120120501
00262540000332450120120501
00084030000317250120120501
00221690000414700120120501
00191130000420375120120501
00159380000513989120120501
00136350000420375120120501
00243310000345710120120501
00294380000324500120120501
90000300010071358120120502