00086990000900000120110314
00005950000262000120110314
00210270000230000120110314
00257830000211500120110314
00238940000273500120110314
00070490000285500120110314
00270370000258500120110314
00139080000273429120110314
00264740000258500120110314
00135800000231647120110314
00238940000273500120110314
00064980000273500120110314
00236350000258500120110314
00273070000273500120110314
00249300000200000120110314
00262300000235929120110314
00144350000273500120110314
00072190000220000120110314
90000180005193005120110315