00194340000300000120110514
06874000000288500120110514
00111540000310000120110514
00280200000273500120110514
00232360000273500120110514
00232360000273500120110514
00232360000273500120110514
00264690000339396120110514
00262300000288500120110514
00127990000258500120110514
00268210000246929120110514
00144350000273500120110514
00236350000258500120110514
00283780000300000120110514
00217940000273500120110514
00255530000258500120110514
00150860000220000120110514
00010010000258500120110514
00039570000484154120110514
00283870000250000120110514
90000200005702479120110515