00092960000340000120110215
06874000000288500120110215
00167740000585971120110215
00281670000350000120110215
00244750000200000120110215
00215980000293671120110215
00269960000517000120110215
00230520000400000120110215
00060080001390032120110215
00149850000303500120110215
00278930000226041120110215
00051750000275000120110215
00247660000156375120110215
00168160000273500120110215
00193770000334875120110215
00225130000389600120110215
00232360000330100120110215
00264740000258500120110215
00283760000258350120110215
00070490000288500120110215
00225750000227000120110215
00061130000273500120110215
00255530000258500120110215
90000230008218515120110216