00296220000314550120121012
00255530000344295120121012
00072190000277900120121012
00251990000431670120121012
00284590000247872120121012
00217940000329422120121012
00225300000570000120121012
00275410000000000120121012
00235130000329422120121012
00249920000460000120121012
00013860000375326120121012
00176430000340000120121012
00247510000288151120121012
00160670000495125120121012
00292740000495125120121012
00042610000524797120121012
00071860000431870120121012
00249740000277786120121012
90000180006533311120121013