00283760000207929120110815
00079920000288500120110815
00094110000370000120110815
00094110000370000120110815
00094100000302100120110815
00244750000250000120110815
00204640000258500120110815
00153960000258500120110815
00193540000258500120110815
00287360000272000120110815
06874000000288500120110815
00241670000251016120110815
00053670000350000120110815
00268210000300000120110815
00286070000218250120110815
00084000000221586120110815
00215980000293671120110815
00262300000288500120110815
00274050000117500120110815
00070490000267000120110815
00052660000288429120110815
00046920000280000120110815
00193770000532825120110815
00257830000211500120110815
00014520000364100120110815
00123570000288599120110815
90000260007397505120110816