00262650000267950120120903
00082120000288151120120903
00258000000323393120120903
00291630000554815120120903
00117230000420000120120903
00048190000346401120120903
00051130000288151120120903
00279960000314550120120903
00232070000329623120120903
00077370000701929120120903
00225300000625000120120903
00015080000290000120120903
00111090000277950120120903
00037740000358747120120903
00071410000329422120120903
00038620000277950120120903
00285220000335408120120903
00154970000268150120120903
00175380000329422120120903
90000190006927012120120904