00084030000314550120121101
00038620000277950120121101
00005680000314750120121101
00044770001000000120121101
00071410000330000120121101
00021030000288151120121101
00049870000314550120121101
00295410000329422120121101
00254140000340000120121101
00077370000701929120121101
00258000000458192120121101
00157690000344500120121101
00110260000329422120121101
00108630000401925120121101
00082120000288151120121101
00262650000267950120121101
00046180000310000120121101
00016220000550872120121101
00037740000358724120121101
00044910000329622120121101
00231020000420000120121101
00262540000329622120121101
00136350000256991120121101
90000230008857273120121102