00071410000329444120120801
00293420000300000120120801
00293420000300000120120801
00258000000323393120120801
00253190000337139120120801
00120450001026309120120801
00020780000267950120120801
00284650000174750120120801
00157690000344500120120801
00250990000310000120120801
00005680000314750120120801
00280150000343584120120801
00136350000388611120120801
00262540000329622120120801
00159380000461514120120801
00191130000305505120120801
00009010000417000120120801
00295410000329422120120801
00154970000267448120120801
00267320000400000120120801
00221640000290000120120801
90000210007560941120120802