00164170000231672120111101
00148760000353479120111101
00081980000646875120111101
00123130000332200120111101
00251230000140000120111101
00096560000241959120111101
00274570000472192120111101
00269960000750000120111101
00021030000231872120111101
00071410000273500120111101
00281110000348375120111101
00020780000211500120111101
00085360000297961120111101
00082140000403375120111101
00090500000321661120111101
00270520000600000120111101
00081330000273500120111101
00157690000302000120111101
00204290000617968120111101
00160670000588500120111101
00280150000287781120111101
00280150000287781120111101
00291600000117500120111101
00284650000117500120111101
00102650000231632120111101
00117230000373375120111101
00262540000273680120111101
00136350000023375120111101
00159380000446600120111101
00225300000490000120111101
00134350000220000120111101
00141400000850000120111101
00233670000260000120111101
00215240000288500120111101
00136350000350000120111101
90000350012256313120111102