00262270000258500120110208
00086990000400000120110208
00262900000270000120110208
00221690000350000120110208
00139570000273500120110208
00235810000221287120110208
00244700000267000120110208
00134350000220000120110208
00262540000273500120110208
0 280940000310000120110208
00235130000273500120110208
00189710000335000120110208
00277690000250000120110208
00273070000257000120110208
00280390000288500120110208
00235130000000000120110208
00262490000288500120110208
00032380000231672120110208
00095050000221586120110208
00234630000273500120110208
00163940000273500120110208
00186720000236858120110208
00278290000268420120110208
00251990000349875120110208
00166590000296581120110208
01500020000300000120110208
00254260000318654120110208
00279960000258480120110208
00114500000201442120110208
00262480000273040120110208
00251050000273500120110208
00165210000288500120110208
00200990000355046120110208
00217850000273500120110208
00231490000258500120110208
00044260000303500120110208
00245270000141000120110208
90000370009933441120110209