00257640000288500120110502
00253000000273500120110502
00263800000226041120110502
00257680000255122120110502
00267290000258500120110502
00132660000250024120110502
00217850000273500120110502
00103770000303500120110502
00275660000152500120110502
00020780000211500120110502
00254750000211500120110502
00221340000273500120110502
00288680000258417120110502
00102650000231672120110502
00280400000117500120110502
00082120000241759120110502
00117230000349875120110502
00288500000370513120110502
00268830000273500120110502
00009010000349900120110502
00280150000287781120110502
00044260000303500120110502
00280940000290000120110502
00247990000349700120110502
00288320000270000120110502
00110260000258500120110502
00082140000379875120110502
00279150000258600120110502
00262540000273500120110502
00031660000268500120110502
00238530000288746120110502
90000310008399525120110503